;original_firstorder_10Percentile;original_firstorder_90Percentile;original_firstorder_Energy;original_firstorder_Entropy;original_firstorder_InterquartileRange;original_firstorder_Kurtosis;original_firstorder_Maximum;original_firstorder_MeanAbsoluteDeviation;original_firstorder_Mean;original_firstorder_Median;original_firstorder_Minimum;original_firstorder_Range;original_firstorder_RobustMeanAbsoluteDeviation;original_firstorder_RootMeanSquared;original_firstorder_Skewness;original_firstorder_TotalEnergy;original_firstorder_Uniformity;original_firstorder_Variance;original_glcm_Autocorrelation;original_glcm_ClusterProminence;original_glcm_ClusterShade;original_glcm_ClusterTendency;original_glcm_Contrast;original_glcm_Correlation;original_glcm_DifferenceAverage;original_glcm_DifferenceEntropy;original_glcm_DifferenceVariance;original_glcm_Id;original_glcm_Idm;original_glcm_Idmn;original_glcm_Idn;original_glcm_Imc1;original_glcm_Imc2;original_glcm_InverseVariance;original_glcm_JointAverage;original_glcm_JointEnergy;original_glcm_JointEntropy;original_glcm_MCC;original_glcm_MaximumProbability;original_glcm_SumAverage;original_glcm_SumEntropy;original_glcm_SumSquares;original_glrlm_GrayLevelNonUniformity;original_glrlm_GrayLevelNonUniformityNormalized;original_glrlm_GrayLevelVariance;original_glrlm_HighGrayLevelRunEmphasis;original_glrlm_LongRunEmphasis;original_glrlm_LongRunHighGrayLevelEmphasis;original_glrlm_LongRunLowGrayLevelEmphasis;original_glrlm_LowGrayLevelRunEmphasis;original_glrlm_RunEntropy;original_glrlm_RunLengthNonUniformity;original_glrlm_RunLengthNonUniformityNormalized;original_glrlm_RunPercentage;original_glrlm_RunVariance;original_glrlm_ShortRunEmphasis;original_glrlm_ShortRunHighGrayLevelEmphasis;original_glrlm_ShortRunLowGrayLevelEmphasis;original_glszm_GrayLevelNonUniformity;original_glszm_GrayLevelNonUniformityNormalized;original_glszm_GrayLevelVariance;original_glszm_HighGrayLevelZoneEmphasis;original_glszm_LargeAreaEmphasis;original_glszm_LargeAreaHighGrayLevelEmphasis;original_glszm_LargeAreaLowGrayLevelEmphasis;original_glszm_LowGrayLevelZoneEmphasis;original_glszm_SizeZoneNonUniformity;original_glszm_SizeZoneNonUniformityNormalized;original_glszm_SmallAreaEmphasis;original_glszm_SmallAreaHighGrayLevelEmphasis;original_glszm_SmallAreaLowGrayLevelEmphasis;original_glszm_ZoneEntropy;original_glszm_ZonePercentage;original_glszm_ZoneVariance;original_gldm_DependenceEntropy;original_gldm_DependenceNonUniformity;original_gldm_DependenceNonUniformityNormalized;original_gldm_DependenceVariance;original_gldm_GrayLevelNonUniformity;original_gldm_GrayLevelVariance;original_gldm_HighGrayLevelEmphasis;original_gldm_LargeDependenceEmphasis;original_gldm_LargeDependenceHighGrayLevelEmphasis;original_gldm_LargeDependenceLowGrayLevelEmphasis;original_gldm_LowGrayLevelEmphasis;original_gldm_SmallDependenceEmphasis;original_gldm_SmallDependenceHighGrayLevelEmphasis;original_gldm_SmallDependenceLowGrayLevelEmphasis;original_ngtdm_Busyness;original_ngtdm_Coarseness;original_ngtdm_Complexity;original_ngtdm_Contrast;original_ngtdm_Strength
original_firstorder_10Percentile;1;0.915657173;0.964773893;-0.265285296;-0.041616301;-0.275683863;0.665141055;-0.200285288;0.969246644;0.952097167;0.559981732;-0.310728287;-0.064021278;0.964773893;-0.153182213;0.964773893;0.14924795;-0.279125594;-0.088501634;-0.324907062;-0.337976952;-0.208170237;-0.443987932;0.205236833;-0.456936934;-0.452599571;-0.41504386;0.463326094;0.463432752;-0.119102813;-0.124109946;-0.172807234;0.102069189;0.451872677;-0.088177088;0.240462562;-0.311775341;-0.281956778;0.166697307;-0.088177088;-0.178629328;-0.278385374;0.109288174;0.165116457;-0.284252383;-0.092747563;0.448920358;-0.053752859;0.107831676;0.083278803;-0.157222462;-0.454234509;-0.455259634;-0.452829077;0.433590766;-0.456675915;-0.104490256;0.076595793;-0.176224977;0.220868982;-0.303093986;-0.100913227;0.410278659;0.023606216;0.182365247;0.089755207;-0.454569467;-0.452566198;-0.45249733;-0.136030186;0.073719209;0.186497269;-0.446645802;0.374132577;-0.036454139;-0.443503118;-0.443503118;0.399765681;0.14924795;-0.278432942;-0.090388985;0.44757337;-0.003593608;0.152062582;0.080938238;-0.456679868;-0.156113707;0.047845802;0.173795881;0.388584753;-0.427023301;0.028778078;-0.231137615
original_firstorder_90Percentile;0.915657173;1;0.984376223;0.081535534;0.298316642;-0.347388596;0.666338483;0.153356958;0.981176408;0.981880429;0.329049204;-0.053258481;0.288442506;0.984376223;-0.330812303;0.984376223;-0.206871714;0.065327809;0.155097263;-0.006166303;-0.455722317;0.139113592;-0.205524755;0.124820523;-0.217852618;-0.213462736;-0.177789783;0.226691177;0.22722051;-0.118213926;-0.068169435;-0.154759075;0.173369939;0.213605601;0.152731347;-0.107030909;0.027522674;-0.285613766;-0.159550607;0.152731347;0.173428259;0.066084641;-0.245961646;-0.190899381;0.058537532;0.150945372;0.214340907;0.189562158;-0.124182105;-0.148497351;0.18571803;-0.220765485;-0.222039328;-0.218774429;0.198175239;-0.223391018;0.139158191;-0.155033578;-0.315282004;-0.129326831;0.033116198;0.142922631;0.169464633;0.244955541;-0.053202474;-0.141766716;-0.222784256;-0.224684253;-0.225134406;0.107387585;-0.1579176;0.267393526;-0.210665674;0.130589494;0.284824905;-0.207658913;-0.207658913;0.168801727;-0.206871714;0.066001791;0.153219526;0.214058555;0.238989508;-0.080695276;-0.150833;-0.223551828;0.087466004;-0.183410243;-0.09734299;0.360470299;-0.177548043;0.286281174;0.036178874
original_firstorder_Energy;0.964773893;0.984376223;1;-0.057876891;0.175694344;-0.297028175;0.662508689;0.015126906;0.999770879;0.996717688;0.406713212;-0.143482608;0.156471384;1;-0.308466083;1;-0.066953808;-0.071210651;0.082097491;-0.13439757;-0.457373286;0.000102096;-0.288230384;0.121619507;-0.30128187;-0.297036778;-0.258849881;0.308666076;0.308886774;-0.13183251;-0.097816392;-0.127324653;0.111852192;0.296170852;0.08105361;0.029838304;-0.10837171;-0.3169921;-0.040313896;0.08105361;0.033687384;-0.070348451;-0.105928379;-0.050294499;-0.077296002;0.077715677;0.294965637;0.117730799;-0.05562066;-0.080452933;0.046008041;-0.300364641;-0.301346787;-0.298948435;0.279261209;-0.302802011;0.065517066;-0.087178567;-0.23447612;0.010867138;-0.100023331;0.069063437;0.253763386;0.184134147;0.018558209;-0.073334179;-0.301204442;-0.300633119;-0.300829476;0.032678684;-0.089594869;0.204783063;-0.291816806;0.21604042;0.151111691;-0.288778653;-0.288778653;0.247055887;-0.066953808;-0.070493957;0.080192923;0.293992466;0.169150004;-0.011261117;-0.082965562;-0.30295621;0.012243127;-0.116180536;-0.005593205;0.344482532;-0.265012524;0.196306045;-0.055100797
original_firstorder_Entropy;-0.265285296;0.081535534;-0.057876891;1;0.844904587;-0.147309916;0.1060428;0.981085555;-0.074536843;-0.045172502;-0.657750874;0.764022916;0.890032946;-0.057876891;-0.277853043;-0.057876891;-0.965596604;0.993500529;0.619494777;0.945913786;-0.079625348;0.983553318;0.708736436;-0.180989838;0.709143082;0.713558404;0.704479829;-0.698338931;-0.696746985;0.08967408;0.226361175;-0.001343937;0.246112192;-0.702374546;0.613055776;-0.96861307;0.985702361;0.152249121;-0.847109448;0.613055776;0.984332243;0.993260886;-0.950108094;-0.975109673;0.991595577;0.621313631;-0.691853618;0.606643758;-0.599863164;-0.590913702;0.961614036;0.6805763;0.678008688;0.686470106;-0.69745135;0.679184301;0.624797048;-0.588642613;-0.38928591;-0.988904949;0.979962577;0.624781152;-0.715696;0.511188516;-0.636225089;-0.593177881;0.675890738;0.654665169;0.652892515;0.633340542;-0.589557561;0.268458368;0.696096893;-0.721167464;0.867624765;0.690684914;0.690684914;-0.67036764;-0.965596604;0.993486304;0.620334894;-0.685017442;0.588471071;-0.614967931;-0.590367036;0.681918645;0.640930205;-0.578784796;-0.761173463;-0.085682496;0.758294788;0.556560282;0.753671953
original_firstorder_InterquartileRange;-0.041616301;0.298316642;0.175694344;0.844904587;1;-0.264962673;0.078227931;0.905766669;0.160863588;0.196692681;-0.516217624;0.59072253;0.960902765;0.175694344;-0.50469717;0.175694344;-0.926082708;0.837399271;0.599682822;0.744337774;-0.41622268;0.862541555;0.515704697;-0.162404281;0.518388375;0.517841812;0.51406962;-0.517364297;-0.517399028;-0.024494551;0.115645029;0.022756268;0.190055253;-0.52223774;0.593677267;-0.887261183;0.815155191;-0.086453524;-0.882383433;0.593677267;0.8858472;0.837088313;-0.928249638;-0.915602364;0.829355219;0.598797013;-0.518633523;0.605315282;-0.568526366;-0.570894268;0.860037902;0.51241422;0.511279006;0.515003743;-0.525960382;0.511343271;0.595851572;-0.571760566;-0.420161382;-0.864655165;0.801092412;0.596171261;-0.538918534;0.577537417;-0.566560076;-0.568666935;0.504245631;0.492511493;0.491524114;0.587638126;-0.570838356;0.241827177;0.518059038;-0.553800888;0.833047846;0.523374624;0.523374624;-0.52081177;-0.926082708;0.837513303;0.599400781;-0.515635775;0.613838348;-0.565303244;-0.571777136;0.508441028;0.584691334;-0.575338589;-0.656358673;0.004466979;0.556114617;0.658268857;0.632942932
original_firstorder_Kurtosis;-0.275683863;-0.347388596;-0.297028175;-0.147309916;-0.264962673;1;-0.156919351;-0.195563023;-0.294956943;-0.27702969;-0.373284262;0.334028283;-0.294023344;-0.297028175;-0.176138515;-0.297028175;0.266618121;-0.08985235;0.277468142;0.030551859;0.033053785;-0.169291604;0.292286908;-0.501631534;0.265035081;0.272388714;0.328541283;-0.250657938;-0.248784779;0.259928061;0.286328864;0.518432341;-0.535519465;-0.243380355;0.283898066;0.191958598;-0.095357797;-0.064945608;0.168899419;0.283898066;-0.213841452;-0.089704879;0.297977377;0.250856575;-0.074953221;0.280063301;-0.241770142;0.25597475;-0.30530012;-0.287667077;-0.251840776;0.24841609;0.249422261;0.246215208;-0.232299033;0.249656463;0.286477871;-0.282345184;0.615986454;0.178937709;-0.02300966;0.284925688;-0.221809536;0.167637043;-0.334045692;-0.285289093;0.268787496;0.273570108;0.272969701;0.301611766;-0.271726506;-0.538731875;0.254870414;-0.201212961;-0.388961569;0.232424827;0.232424827;-0.214232001;0.266618121;-0.090382103;0.278997834;-0.241223988;0.225686051;-0.328422941;-0.288492698;0.261775591;0.310807465;-0.25662752;-0.266701564;-0.564435539;0.371382853;-0.364889705;0.329581822
original_firstorder_Maximum;0.665141055;0.666338483;0.662508689;0.1060428;0.078227931;-0.156919351;1;0.095376396;0.660804294;0.634664317;0.352789035;0.082861774;0.081429783;0.662508689;0.179627805;0.662508689;-0.10458451;0.097671218;-0.040142954;0.140477229;0.131136277;0.143959932;-0.13826268;0.273299038;-0.151954344;-0.141976859;-0.116520162;0.172603169;0.174943329;0.229307575;0.227758779;-0.296484012;0.297334583;0.157571245;-0.043439269;-0.050405555;0.075113776;0.144086095;-0.000998692;-0.043439269;0.137471441;0.098417436;-0.130361133;-0.10896992;0.10042992;-0.040292227;0.169839644;-0.03119277;0.057559359;0.049583865;0.173351126;-0.186617788;-0.190088281;-0.179212598;0.151250042;-0.190189619;-0.043623364;0.047099075;-0.293254732;-0.119309078;0.10566999;-0.039434438;0.122100094;-0.057000964;0.074787614;0.050314191;-0.182160746;-0.19888298;-0.200987687;-0.052159986;0.041463617;0.373824016;-0.160144941;0.094319558;0.223874487;-0.172493677;-0.172493677;0.15700176;-0.10458451;0.097946011;-0.040436688;0.177773278;-0.016474978;0.076472672;0.048662114;-0.180372012;-0.057907986;0.036943425;-0.118470491;0.389763833;-0.001899615;-0.162483053;0.111877906
original_firstorder_MeanAbsoluteDeviation;-0.200285288;0.153356958;0.015126906;0.981085555;0.905766669;-0.195563023;0.095376396;1;-0.001341159;0.029776408;-0.620193539;0.714846653;0.94965683;0.015126906;-0.350558128;0.015126906;-0.987103262;0.980933478;0.62298533;0.916008678;-0.187208299;0.983145994;0.659008484;-0.148724834;0.65925935;0.662868967;0.65655287;-0.650239911;-0.649024128;0.054164601;0.193187275;-0.016480586;0.256850928;-0.654432707;0.616285483;-0.974384015;0.960085179;0.087408862;-0.880612887;0.616285483;0.987533814;0.980651271;-0.975732502;-0.991091972;0.976537371;0.623946544;-0.645710649;0.615419308;-0.598427405;-0.592377505;0.958758437;0.636107988;0.633948513;0.640965151;-0.651528786;0.634796826;0.625520155;-0.591002352;-0.429821414;-0.983265737;0.956897742;0.625388332;-0.668660776;0.538717401;-0.624866731;-0.593267931;0.63119737;0.612367307;0.61082786;0.628864772;-0.59108066;0.286257579;0.649421386;-0.676639834;0.88427853;0.646062019;0.646062019;-0.630352314;-0.987103262;0.980965948;0.623521021;-0.639876373;0.604700149;-0.60900641;-0.59226264;0.636596013;0.633617171;-0.584699012;-0.739001629;-0.039767542;0.701439569;0.613330509;0.728078842
original_firstorder_Mean;0.969246644;0.981176408;0.999770879;-0.074536843;0.160863588;-0.294956943;0.660804294;-0.001341159;1;0.996015709;0.41750126;-0.156465071;0.141029225;0.999770879;-0.302461931;0.999770879;-0.05063818;-0.087808395;0.071069864;-0.150380975;-0.454549706;-0.016503596;-0.299782096;0.124765487;-0.312741838;-0.308597071;-0.27048103;0.319825593;0.320011857;-0.133469729;-0.101875016;-0.127479644;0.108011511;0.307544542;0.070160787;0.045939488;-0.1247733;-0.318791784;-0.025928644;0.070160787;0.017087338;-0.086952539;-0.089698602;-0.033862832;-0.093872114;0.066667615;0.305893482;0.106786944;-0.045165643;-0.070083427;0.029688485;-0.311210904;-0.312180067;-0.309840831;0.290222721;-0.313638564;0.054441953;-0.076834712;-0.228151217;0.027451085;-0.116486926;0.057977576;0.265059355;0.17449879;0.029372747;-0.062991499;-0.312035102;-0.311268032;-0.31143806;0.021538247;-0.079286194;0.200580536;-0.302882525;0.227459564;0.13607882;-0.299728039;-0.299728039;0.257709756;-0.05063818;-0.087088923;0.069156219;0.304845687;0.158340727;-0.000671658;-0.072592963;-0.313829547;0.001050846;-0.105953105;0.007703207;0.34567578;-0.277627671;0.186193841;-0.06842548
original_firstorder_Median;0.952097167;0.981880429;0.996717688;-0.045172502;0.196692681;-0.27702969;0.634664317;0.029776408;0.996015709;1;0.372112757;-0.119783577;0.175041998;0.996717688;-0.363895255;0.996717688;-0.081798259;-0.0577503;0.116055097;-0.126236522;-0.507989012;0.010249931;-0.25973269;0.071758246;-0.272470742;-0.268552054;-0.230806533;0.279404932;0.27949851;-0.146577055;-0.104791103;-0.080339792;0.070694943;0.266261196;0.115418552;0.013765023;-0.094090247;-0.355198673;-0.061436942;0.115418552;0.045900773;-0.056926667;-0.11991813;-0.064775177;-0.063733072;0.1115578;0.265985828;0.152525337;-0.090159724;-0.115468436;0.054645804;-0.270737205;-0.271597745;-0.269679601;0.250636308;-0.2731026;0.09910527;-0.122299754;-0.208580002;-0.00284784;-0.086043107;0.10252211;0.226790462;0.222162353;-0.014041939;-0.108075448;-0.271155719;-0.268978575;-0.268991257;0.065767997;-0.124380282;0.167664494;-0.263196665;0.189894199;0.153476552;-0.260053933;-0.260053933;0.21798319;-0.081798259;-0.057045203;0.114119419;0.26469346;0.204972472;-0.04515118;-0.118039089;-0.273268941;0.044843546;-0.151743265;-0.030773599;0.300933426;-0.238927882;0.219681968;-0.031671035
original_firstorder_Minimum;0.559981732;0.329049204;0.406713212;-0.657750874;-0.516217624;-0.373284262;0.352789035;-0.620193539;0.41750126;0.372112757;1;-0.880971329;-0.526566228;0.406713212;0.475848197;0.406713212;0.581258406;-0.675597913;-0.841961374;-0.656593666;0.197667236;-0.606994112;-0.789346344;0.581964583;-0.781932674;-0.781944959;-0.795476449;0.779603951;0.779834701;-0.261219221;-0.386439572;-0.42125298;0.227032074;0.775117137;-0.842482858;0.639866019;-0.686545595;0.041666366;0.5952757;-0.842482858;-0.599424433;-0.674979364;0.546801555;0.591977621;-0.679430495;-0.844354596;0.77069191;-0.818678458;0.853089738;0.837164043;-0.55264498;-0.772752077;-0.77298259;-0.772822479;0.76199367;-0.774108283;-0.851124863;0.832454271;-0.11979152;0.629308022;-0.694021178;-0.848548463;0.753161102;-0.710792536;0.884260392;0.839339309;-0.774472176;-0.768404414;-0.767616203;-0.866433521;0.82794598;0.235747918;-0.772728941;0.732677015;-0.399192822;-0.766925645;-0.766925645;0.735839999;0.581258406;-0.675067599;-0.843148347;0.768863735;-0.779618054;0.876352373;0.836325042;-0.775799825;-0.876367583;0.810280719;0.819608563;0.53841242;-0.850794179;-0.301017382;-0.788678991
original_firstorder_Range;-0.310728287;-0.053258481;-0.143482608;0.764022916;0.59072253;0.334028283;0.082861774;0.714846653;-0.156465071;-0.119783577;-0.880971329;1;0.605177845;-0.143482608;-0.379530643;-0.143482608;-0.678247631;0.778457136;0.869009713;0.797440795;-0.112513201;0.733707349;0.748202034;-0.453481944;0.732928683;0.738662013;0.767052398;-0.719160599;-0.717943973;0.446821816;0.579018437;0.276941325;-0.071108489;-0.721862494;0.867469025;-0.710769341;0.775593796;0.074284815;-0.633143848;0.867469025;0.720119182;0.778420134;-0.655615233;-0.691833276;0.784224713;0.871474105;-0.713486322;0.849771354;-0.869026718;-0.857202199;0.692544679;0.704140174;0.70213401;0.709428045;-0.716280525;0.703663779;0.87657776;-0.853622849;-0.034977401;-0.737217234;0.803299381;0.876632094;-0.725735183;0.727993801;-0.893310343;-0.858588444;0.707508872;0.691627795;0.689834552;0.887479184;-0.851159191;-0.047458334;0.720193945;-0.722618656;0.554982466;0.708238906;0.708238906;-0.685403715;-0.678247631;0.778097878;0.870091745;-0.706468743;0.817301648;-0.883281823;-0.856860556;0.710441541;0.894125898;-0.836092947;-0.949992065;-0.360592567;0.91175827;0.20278443;0.918784703
original_firstorder_RobustMeanAbsoluteDeviation;-0.064021278;0.288442506;0.156471384;0.890032946;0.960902765;-0.294023344;0.081429783;0.94965683;0.141029225;0.175041998;-0.526566228;0.605177845;1;0.156471384;-0.466339661;0.156471384;-0.968902418;0.880981873;0.603327682;0.785898503;-0.372408466;0.906459397;0.53353844;-0.129856227;0.536059175;0.536766634;0.531472514;-0.533280168;-0.533334609;-0.0143919;0.124656921;-0.013493029;0.234351117;-0.539792081;0.59691948;-0.929398324;0.857992231;-0.047975472;-0.903043922;0.59691948;0.929825473;0.880364193;-0.969437742;-0.959834923;0.872313759;0.602697696;-0.533415378;0.607671923;-0.572446412;-0.574378302;0.903446075;0.526605001;0.525162288;0.529847696;-0.540530858;0.525380096;0.600421662;-0.575243799;-0.460248394;-0.91037554;0.841948672;0.600592368;-0.55670186;0.573448068;-0.574190322;-0.573061992;0.518071827;0.50488845;0.504053211;0.59328945;-0.575278618;0.283683193;0.533134017;-0.572359546;0.871516612;0.537547501;0.537547501;-0.5367368;-0.968902418;0.881008179;0.603175176;-0.530694969;0.61372941;-0.570401915;-0.57488351;0.522935004;0.591210518;-0.578552808;-0.668433914;0.026618239;0.570076332;0.675653917;0.644301083
original_firstorder_RootMeanSquared;0.964773893;0.984376223;1;-0.057876891;0.175694344;-0.297028175;0.662508689;0.015126906;0.999770879;0.996717688;0.406713212;-0.143482608;0.156471384;1;-0.308466083;1;-0.066953808;-0.071210651;0.082097491;-0.13439757;-0.457373286;0.000102096;-0.288230384;0.121619507;-0.30128187;-0.297036778;-0.258849881;0.308666076;0.308886774;-0.13183251;-0.097816392;-0.127324653;0.111852192;0.296170852;0.08105361;0.029838304;-0.10837171;-0.3169921;-0.040313896;0.08105361;0.033687384;-0.070348451;-0.105928379;-0.050294499;-0.077296002;0.077715677;0.294965637;0.117730799;-0.05562066;-0.080452933;0.046008041;-0.300364641;-0.301346787;-0.298948435;0.279261209;-0.302802011;0.065517066;-0.087178567;-0.23447612;0.010867138;-0.100023331;0.069063437;0.253763386;0.184134147;0.018558209;-0.073334179;-0.301204442;-0.300633119;-0.300829476;0.032678684;-0.089594869;0.204783063;-0.291816806;0.21604042;0.151111691;-0.288778653;-0.288778653;0.247055887;-0.066953808;-0.070493957;0.080192923;0.293992466;0.169150004;-0.011261117;-0.082965562;-0.30295621;0.012243127;-0.116180536;-0.005593205;0.344482532;-0.265012524;0.196306045;-0.055100797
original_firstorder_Skewness;-0.153182213;-0.330812303;-0.308466083;-0.277853043;-0.50469717;-0.176138515;0.179627805;-0.350558128;-0.302461931;-0.363895255;0.475848197;-0.379530643;-0.466339661;-0.308466083;1;-0.308466083;0.362272746;-0.293403835;-0.626266226;-0.172693303;0.90022154;-0.267281016;-0.432388664;0.691106034;-0.425678272;-0.42162518;-0.446029989;0.432640591;0.433944189;0.283220345;0.13523658;-0.600486715;0.477863757;0.429571633;-0.62999256;0.352289732;-0.281618306;0.647728095;0.478882103;-0.62999256;-0.306480995;-0.293361565;0.355854618;0.349302739;-0.291500419;-0.623386579;0.437372104;-0.643545551;0.623072534;0.631675278;-0.244123016;-0.45001315;-0.452578436;-0.4434257;0.432540448;-0.450868915;-0.617320647;0.633665425;-0.211018233;0.307905712;-0.284321647;-0.615674193;0.42312597;-0.669154965;0.585845519;0.624945332;-0.451722987;-0.466492687;-0.46762813;-0.599966897;0.627133687;0.403062964;-0.436352996;0.423258425;-0.183430843;-0.44086645;-0.44086645;0.451220403;0.362272746;-0.293663168;-0.625470817;0.443985667;-0.666748147;0.609272246;0.633661948;-0.446994026;-0.590934679;0.641910861;0.458028223;0.479170222;-0.376535869;-0.518977155;-0.41960857
original_firstorder_TotalEnergy;0.964773893;0.984376223;1;-0.057876891;0.175694344;-0.297028175;0.662508689;0.015126906;0.999770879;0.996717688;0.406713212;-0.143482608;0.156471384;1;-0.308466083;1;-0.066953808;-0.071210651;0.082097491;-0.13439757;-0.457373286;0.000102096;-0.288230384;0.121619507;-0.30128187;-0.297036778;-0.258849881;0.308666076;0.308886774;-0.13183251;-0.097816392;-0.127324653;0.111852192;0.296170852;0.08105361;0.029838304;-0.10837171;-0.3169921;-0.040313896;0.08105361;0.033687384;-0.070348451;-0.105928379;-0.050294499;-0.077296002;0.077715677;0.294965637;0.117730799;-0.05562066;-0.080452933;0.046008041;-0.300364641;-0.301346787;-0.298948435;0.279261209;-0.302802011;0.065517066;-0.087178567;-0.23447612;0.010867138;-0.100023331;0.069063437;0.253763386;0.184134147;0.018558209;-0.073334179;-0.301204442;-0.300633119;-0.300829476;0.032678684;-0.089594869;0.204783063;-0.291816806;0.21604042;0.151111691;-0.288778653;-0.288778653;0.247055887;-0.066953808;-0.070493957;0.080192923;0.293992466;0.169150004;-0.011261117;-0.082965562;-0.30295621;0.012243127;-0.116180536;-0.005593205;0.344482532;-0.265012524;0.196306045;-0.055100797
original_firstorder_Uniformity;0.14924795;-0.206871714;-0.066953808;-0.965596604;-0.926082708;0.266618121;-0.10458451;-0.987103262;-0.05063818;-0.081798259;0.581258406;-0.678247631;-0.968902418;-0.066953808;0.362272746;-0.066953808;1;-0.950798883;-0.609159235;-0.87028303;0.226341306;-0.964568417;-0.604068913;0.12679655;-0.606640736;-0.608843847;-0.599775929;0.601015568;0.600407372;-0.036095242;-0.173937629;0.038660223;-0.273936348;0.606289456;-0.602445005;0.974192676;-0.936406926;-0.051745263;0.896729094;-0.602445005;-0.983537641;-0.950355679;0.992560252;0.998441343;-0.944029274;-0.609598634;0.599435172;-0.606588835;0.582971792;0.580858143;-0.958524591;-0.58956278;-0.587450395;-0.594475285;0.606842952;-0.58815642;-0.609678805;0.580615722;0.46283974;0.971814185;-0.918593027;-0.610089707;0.624320193;-0.546292277;0.59778296;0.581563434;-0.582881674;-0.566561237;-0.565498887;-0.609497317;0.581986642;-0.30872657;-0.600408517;0.636957118;-0.902861751;-0.600867838;-0.600867838;0.592765081;1;-0.950834221;-0.609382;0.594602084;-0.602898098;0.586693396;0.580797109;-0.588225651;-0.61113895;0.579329794;0.713573515;-0.005018653;-0.650483273;-0.633901979;-0.694544442
original_firstorder_Variance;-0.279125594;0.065327809;-0.071210651;0.993500529;0.837399271;-0.08985235;0.097671218;0.980933478;-0.087808395;-0.0577503;-0.675597913;0.778457136;0.880981873;-0.071210651;-0.293403835;-0.071210651;-0.950798883;1;0.634787659;0.963395678;-0.084439346;0.98465401;0.728143127;-0.193707115;0.725640727;0.731130481;0.727545318;-0.712710994;-0.710775514;0.100968243;0.239428738;0.017379118;0.226830413;-0.715829403;0.628398989;-0.957689448;0.983409889;0.155160787;-0.836460342;0.628398989;0.975953042;0.999754351;-0.933801092;-0.962119244;0.999318937;0.636707423;-0.70514635;0.620342526;-0.61499033;-0.604341779;0.949349401;0.694535191;0.692099651;0.700134763;-0.709775981;0.693273683;0.640592248;-0.601544415;-0.366339576;-0.982912177;0.99113352;0.640294348;-0.727317416;0.519243849;-0.655104737;-0.606093118;0.691492042;0.670082739;0.668114201;0.649906335;-0.601128827;0.248333853;0.711232825;-0.730487286;0.847853494;0.703431387;0.703431387;-0.68020107;-0.950798883;0.999897193;0.635738396;-0.698015281;0.599923182;-0.632982827;-0.60396311;0.697077739;0.658501515;-0.589344178;-0.775860316;-0.109054172;0.778335078;0.544683935;0.77437461
original_glcm_Autocorrelation;-0.088501634;0.155097263;0.082097491;0.619494777;0.599682822;0.277468142;-0.040142954;0.62298533;0.071069864;0.116055097;-0.841961374;0.869009713;0.603327682;0.082097491;-0.626266226;0.082097491;-0.609159235;0.634787659;1;0.598896463;-0.432747215;0.608500343;0.615611307;-0.490284308;0.595762518;0.599288454;0.645219779;-0.58713532;-0.587140333;0.344504073;0.486394155;0.333715457;-0.149405422;-0.589498039;0.999861358;-0.610519257;0.617916289;-0.184390793;-0.596126088;0.999861358;0.614183971;0.634857002;-0.598891269;-0.61135759;0.636227731;0.999926953;-0.586594819;0.996469864;-0.994945433;-0.994691768;0.578410914;0.585197333;0.584951887;0.586476753;-0.586165593;0.585610257;0.999336708;-0.993845012;-0.018299214;-0.617745064;0.641926712;0.999450896;-0.5924746;0.921730511;-0.970449536;-0.992356145;0.587556033;0.583024197;0.582277946;0.994893025;-0.989454934;-0.109906483;0.590906686;-0.593284482;0.483778244;0.587480683;0.587480683;-0.577366058;-0.609159235;0.634680358;0.999973265;-0.584862389;0.981485405;-0.987887374;-0.995261013;0.587673586;0.989636681;-0.987031767;-0.905727168;-0.340048445;0.741956648;0.335042899;0.827797962
original_glcm_ClusterProminence;-0.324907062;-0.006166303;-0.13439757;0.945913786;0.744337774;0.030551859;0.140477229;0.916008678;-0.150380975;-0.126236522;-0.656593666;0.797440795;0.785898503;-0.13439757;-0.172693303;-0.13439757;-0.87028303;0.963395678;0.598896463;1;0.051750715;0.956102357;0.673379644;-0.127676001;0.666850232;0.675209585;0.679636898;-0.651133634;-0.648916985;0.234434686;0.36107594;-0.041413341;0.270978448;-0.655115914;0.591983662;-0.872060094;0.931863445;0.304611855;-0.736425449;0.591983662;0.925297746;0.963716971;-0.858048703;-0.885212016;0.965707614;0.601156126;-0.644701136;0.583184606;-0.577896877;-0.567052014;0.913316334;0.631340528;0.628803986;0.638240319;-0.650607606;0.630521094;0.605318913;-0.56405075;-0.354352451;-0.923045511;0.967288654;0.606097883;-0.670564712;0.478172022;-0.618802966;-0.568669453;0.630788601;0.60942141;0.607379871;0.615966854;-0.56358088;0.277692634;0.65218934;-0.675780072;0.812383328;0.640960869;0.640960869;-0.62019574;-0.87028303;0.963352663;0.59992754;-0.636428078;0.561366106;-0.595766312;-0.566647287;0.635987275;0.624241441;-0.551229176;-0.782909885;-0.075531205;0.783986348;0.395725002;0.799717105
original_glcm_ClusterShade;-0.337976952;-0.455722317;-0.457373286;-0.079625348;-0.41622268;0.033053785;0.131136277;-0.187208299;-0.454549706;-0.507989012;0.197667236;-0.112513201;-0.372408466;-0.457373286;0.90022154;-0.457373286;0.226341306;-0.084439346;-0.432747215;0.051750715;1;-0.088822537;-0.128083866;0.45333749;-0.123928847;-0.117988054;-0.14108773;0.134208461;0.136625102;0.3031217;0.198201762;-0.440075445;0.385575969;0.138787151;-0.436057126;0.187163974;-0.069657995;0.704163955;0.348799324;-0.436057126;-0.144631549;-0.084047377;0.235568864;0.204059234;-0.078555974;-0.428336363;0.141803205;-0.462832805;0.419516533;0.436996731;-0.096700729;-0.154566997;-0.157410154;-0.147503192;0.140392984;-0.155355541;-0.417962612;0.441525565;-0.099155237;0.128578868;-0.058890492;-0.417176123;0.132493386;-0.55200284;0.358112114;0.428339185;-0.154095004;-0.174506015;-0.176553538;-0.390943474;0.435716234;0.288835397;-0.137871406;0.141387662;-0.111734256;-0.14826167;-0.14826167;0.17129346;0.226341306;-0.084802231;-0.43126905;0.149312071;-0.50294317;0.392315489;0.43953395;-0.149029282;-0.37435063;0.461099463;0.238759756;0.247869786;-0.085299243;-0.451598141;-0.182429594
original_glcm_ClusterTendency;-0.208170237;0.139113592;0.000102096;0.983553318;0.862541555;-0.169291604;0.143959932;0.983145994;-0.016503596;0.010249931;-0.606994112;0.733707349;0.906459397;0.000102096;-0.267281016;0.000102096;-0.964568417;0.98465401;0.608500343;0.956102357;-0.088822537;1;0.620479068;-0.086368842;0.618140081;0.623848546;0.622756254;-0.606627636;-0.604997823;0.137769622;0.273342297;-0.095026705;0.33739627;-0.610882256;0.601033832;-0.938284946;0.950121958;0.205076221;-0.822366894;0.601033832;0.992330471;0.984753972;-0.962460498;-0.971458824;0.981549149;0.609477725;-0.603414187;0.602456608;-0.580343617;-0.576440841;0.980869576;0.591377792;0.588911181;0.597431425;-0.610832512;0.590086681;0.610560443;-0.575491436;-0.473173973;-0.975646381;0.965994947;0.61168909;-0.632654489;0.528086282;-0.602540832;-0.577244649;0.587439249;0.567787788;0.56620291;0.613335679;-0.57613637;0.354976928;0.608652295;-0.643858444;0.911944567;0.603117303;0.603117303;-0.5890795;-0.964568417;0.984649042;0.608907644;-0.59669927;0.593591459;-0.587510625;-0.576315047;0.592893304;0.616128031;-0.571124209;-0.75613888;0.015395768;0.702334014;0.542991485;0.750184268
original_glcm_Contrast;-0.443987932;-0.205524755;-0.288230384;0.708736436;0.515704697;0.292286908;-0.13826268;0.659008484;-0.299782096;-0.25973269;-0.789346344;0.748202034;0.53353844;-0.288230384;-0.432388664;-0.288230384;-0.604068913;0.728143127;0.615611307;0.673379644;-0.128083866;0.620479068;1;-0.691880511;0.995151319;0.997997615;0.98929965;-0.97779976;-0.974822657;-0.11289964;0.010110635;0.563727877;-0.362064047;-0.975139773;0.616347217;-0.721264197;0.789220518;-0.164781218;-0.646228278;0.616347217;0.608819039;0.728549977;-0.549692777;-0.625092442;0.737261557;0.620401099;-0.950222869;0.574189035;-0.635979462;-0.604953363;0.54581012;0.952095396;0.951214002;0.952396622;-0.939030588;0.951582239;0.63357524;-0.596477293;0.228295346;-0.692150253;0.760476143;0.628013275;-0.93160856;0.407460155;-0.728298456;-0.610097528;0.957292601;0.938191035;0.935566296;0.664558956;-0.591868504;-0.329173866;0.959454623;-0.89792288;0.353040748;0.942260091;0.942260091;-0.883673889;-0.604068913;0.728405644;0.618137936;-0.94415059;0.517083606;-0.686850014;-0.603632763;0.960282959;0.690995391;-0.559462531;-0.645488144;-0.661095409;0.86840308;0.447606264;0.650527989
original_glcm_Correlation;0.205236833;0.124820523;0.121619507;-0.180989838;-0.162404281;-0.501631534;0.273299038;-0.148724834;0.124765487;0.071758246;0.581964583;-0.453481944;-0.129856227;0.121619507;0.691106034;0.121619507;0.12679655;-0.193707115;-0.490284308;-0.127676001;0.45333749;-0.086368842;-0.691880511;1;-0.691172126;-0.688122022;-0.686220209;0.692219348;0.691964757;0.292465743;0.179239335;-0.942664141;0.842778989;0.686461365;-0.498525951;0.234660465;-0.26366205;0.58754725;0.296287888;-0.498525951;-0.096781047;-0.193976451;0.080275137;0.135620578;-0.202555125;-0.492202673;0.682919532;-0.470478919;0.531690729;0.516596146;-0.027413964;-0.691808254;-0.692961151;-0.687859725;0.672211528;-0.69244655;-0.498965519;0.512418186;-0.652056688;0.177926863;-0.231253436;-0.494349661;0.648660407;-0.395675303;0.566219845;0.51890447;-0.697941859;-0.704840705;-0.704933848;-0.513472498;0.509141851;0.780578778;-0.681888388;0.623285984;0.151677708;-0.676438374;-0.676438374;0.657329206;0.12679655;-0.193862083;-0.491525833;0.68501988;-0.444905384;0.554297751;0.515932177;-0.695101434;-0.526960029;0.494429166;0.371928864;0.914241849;-0.550871461;-0.266027502;-0.364568028
original_glcm_DifferenceAverage;-0.456936934;-0.217852618;-0.30128187;0.709143082;0.518388375;0.265035081;-0.151954344;0.65925935;-0.312741838;-0.272470742;-0.781932674;0.732928683;0.536059175;-0.30128187;-0.425678272;-0.30128187;-0.606640736;0.725640727;0.595762518;0.666850232;-0.123928847;0.618140081;0.995151319;-0.691172126;1;0.997337845;0.971256551;-0.991974992;-0.990182737;-0.135248819;-0.017232799;0.567647814;-0.365397826;-0.98648097;0.596513105;-0.727434653;0.790880904;-0.166407283;-0.655811487;0.596513105;0.607524406;0.726032696;-0.549491724;-0.627122104;0.73377823;0.600629128;-0.968223088;0.552809245;-0.618432178;-0.58683164;0.540064804;0.97012935;0.969051035;0.970470798;-0.956780235;0.96943343;0.614276052;-0.578293768;0.241419472;-0.691399463;0.753720839;0.608447054;-0.947886117;0.382867321;-0.714288105;-0.593061932;0.970771642;0.949499582;0.946606183;0.646206803;-0.575222642;-0.343969669;0.974640581;-0.913824816;0.345063474;0.961628126;0.961628126;-0.904175131;-0.606640736;0.725888115;0.598263948;-0.963027445;0.494017891;-0.670600976;-0.585152873;0.975150453;0.67392999;-0.541340741;-0.623792186;-0.668970486;0.857054612;0.464904105;0.627999614
original_glcm_DifferenceEntropy;-0.452599571;-0.213462736;-0.297036778;0.713558404;0.517841812;0.272388714;-0.141976859;0.662868967;-0.308597071;-0.268552054;-0.781944959;0.738662013;0.536766634;-0.297036778;-0.42162518;-0.297036778;-0.608843847;0.731130481;0.599288454;0.675209585;-0.117988054;0.623848546;0.997997615;-0.688122022;0.997337845;1;0.981787211;-0.981144309;-0.978613774;-0.126680871;-0.005200965;0.562199901;-0.359488871;-0.982706765;0.599974665;-0.727201038;0.794566278;-0.160368854;-0.64751975;0.599974665;0.61237652;0.731543969;-0.554358559;-0.630118151;0.739983346;0.604119071;-0.951355873;0.557958964;-0.620340607;-0.589666081;0.550318744;0.953160163;0.952361345;0.953425805;-0.940065278;0.952799716;0.617307889;-0.581345859;0.222663427;-0.697468217;0.762106611;0.611815313;-0.931911721;0.392247816;-0.712683243;-0.595334196;0.958639237;0.940170479;0.937626915;0.648731106;-0.577543588;-0.325355021;0.960053394;-0.897994843;0.357505476;0.943256441;0.943256441;-0.883806784;-0.608843847;0.73138636;0.601812509;-0.945021111;0.501294119;-0.670824294;-0.588206071;0.961607375;0.675300741;-0.545017083;-0.63108833;-0.662914534;0.861143675;0.457791357;0.635814536
original_glcm_DifferenceVariance;-0.41504386;-0.177789783;-0.258849881;0.704479829;0.51406962;0.328541283;-0.116520162;0.65655287;-0.27048103;-0.230806533;-0.795476449;0.767052398;0.531472514;-0.258849881;-0.446029989;-0.258849881;-0.599775929;0.727545318;0.645219779;0.679636898;-0.14108773;0.622756254;0.98929965;-0.686220209;0.971256551;0.981787211;1;-0.941684998;-0.937242782;-0.076109844;0.054517732;0.550694455;-0.350652693;-0.943013975;0.645904906;-0.707997974;0.780106288;-0.159914767;-0.631427246;0.645904906;0.610192455;0.728009498;-0.550678875;-0.620798352;0.737648739;0.649717294;-0.910252049;0.607288466;-0.661680868;-0.632502841;0.554205172;0.911857408;0.911321558;0.912141417;-0.899864118;0.911754894;0.661751408;-0.624408895;0.202272692;-0.689432619;0.764595553;0.656718857;-0.894404734;0.449235106;-0.745615445;-0.635952004;0.922992313;0.907645306;0.905495856;0.69013082;-0.617862932;-0.302196456;0.922699531;-0.862777484;0.36748947;0.900632792;0.900632792;-0.843258115;-0.599775929;0.727780964;0.647703731;-0.90321389;0.554484285;-0.708974995;-0.631720574;0.923993584;0.713841898;-0.588581669;-0.676873945;-0.640252236;0.876247877;0.420385169;0.682976908
original_glcm_Id;0.463326094;0.226691177;0.308666076;-0.698338931;-0.517364297;-0.250657938;0.172603169;-0.650239911;0.319825593;0.279404932;0.779603951;-0.719160599;-0.533280168;0.308666076;0.432640591;0.308666076;0.601015568;-0.712710994;-0.58713532;-0.651133634;0.134208461;-0.606627636;-0.97779976;0.692219348;-0.991974992;-0.981144309;-0.941684998;1;0.999723416;0.14738005;0.034861575;-0.573136958;0.372076019;0.981949449;-0.587990543;0.723883066;-0.77943918;0.172863151;0.667753961;-0.587990543;-0.59742794;-0.712978456;0.539644497;0.619686212;-0.719367668;-0.591928409;0.988644893;-0.542327064;0.612538668;0.580054681;-0.521251383;-0.990244539;-0.988789542;-0.990884745;0.977411652;-0.989201426;-0.606063516;0.571359742;-0.269935403;0.677475187;-0.735098062;-0.59977955;0.966175181;-0.368458317;0.711779766;0.58716341;-0.982237324;-0.957287227;-0.953942362;-0.638209297;0.569692695;0.373550548;-0.989904396;0.932856723;-0.32349069;-0.98439838;-0.98439838;0.933524214;0.601015568;-0.712910309;-0.589531006;0.985610889;-0.481098071;0.666415316;0.578018155;-0.988890904;-0.667236601;0.534258431;0.607960452;0.676959366;-0.844453217;-0.474279881;-0.612250229
original_glcm_Idm;0.463432752;0.22722051;0.308886774;-0.696746985;-0.517399028;-0.248784779;0.174943329;-0.649024128;0.320011857;0.27949851;0.779834701;-0.717943973;-0.533334609;0.308886774;0.433944189;0.308886774;0.600407372;-0.710775514;-0.587140333;-0.648916985;0.136625102;-0.604997823;-0.974822657;0.691964757;-0.990182737;-0.978613774;-0.937242782;0.999723416;1;0.147572727;0.03576521;-0.573840375;0.373087745;0.983148365;-0.588003166;0.723403621;-0.777741717;0.174648745;0.668289484;-0.588003166;-0.596046125;-0.71102814;0.53888192;0.618842391;-0.717284626;-0.591918744;0.988344239;-0.542360889;0.61265132;0.580260748;-0.519482047;-0.990201005;-0.988776829;-0.9907347;0.976987642;-0.989172727;-0.606038971;0.571599656;-0.271556748;0.675776527;-0.732573127;-0.599753334;0.965995827;-0.368752582;0.711642095;0.587470116;-0.981729474;-0.956750226;-0.953379958;-0.638154517;0.570113205;0.375458096;-0.989454281;0.932822446;-0.32205719;-0.984473052;-0.984473052;0.933783547;0.600407372;-0.710963764;-0.589520574;0.985529307;-0.481199365;0.666347146;0.578187596;-0.988444788;-0.667141922;0.534659929;0.60652239;0.677699543;-0.842858471;-0.474971556;-0.610610684
original_glcm_Idmn;-0.119102813;-0.118213926;-0.13183251;0.08967408;-0.024494551;0.259928061;0.229307575;0.054164601;-0.133469729;-0.146577055;-0.261219221;0.446821816;-0.0143919;-0.13183251;0.283220345;-0.13183251;-0.036095242;0.100968243;0.344504073;0.234434686;0.3031217;0.137769622;-0.11289964;0.292465743;-0.135248819;-0.126680871;-0.076109844;0.14738005;0.147572727;1;0.976667749;-0.348304606;0.361583722;0.14120824;0.341830267;0.007934293;0.04542755;0.497290636;0.071815063;0.341830267;0.105758577;0.101159316;-0.059115254;-0.041131112;0.104727273;0.344801002;0.142414291;0.349260017;-0.329563871;-0.338956581;0.158667755;-0.153872454;-0.155231305;-0.148165345;0.134108115;-0.153507491;0.341928603;-0.340859411;-0.258231975;-0.064304196;0.122414306;0.348186376;0.114838733;0.332551518;-0.286286143;-0.338081759;-0.143466797;-0.146969092;-0.147197083;0.338633369;-0.340278243;0.336701569;-0.133476229;0.102062499;0.188287992;-0.146164583;-0.146164583;0.148554626;-0.036095242;0.100585261;0.34393756;0.149642057;0.341353713;-0.309698215;-0.339107168;-0.144452985;0.324260854;-0.34423144;-0.454917333;0.263063766;0.239074591;-0.510810795;0.417881053
original_glcm_Idn;-0.124109946;-0.068169435;-0.097816392;0.226361175;0.115645029;0.286328864;0.227758779;0.193187275;-0.101875016;-0.104791103;-0.386439572;0.579018437;0.124656921;-0.097816392;0.13523658;-0.097816392;-0.173937629;0.239428738;0.486394155;0.36107594;0.198201762;0.273342297;0.010110635;0.179239335;-0.017232799;-0.005200965;0.054517732;0.034861575;0.03576521;0.976667749;1;-0.275578386;0.328584344;0.026463226;0.483569378;-0.123717316;0.177369766;0.44542308;-0.058048519;0.483569378;0.244740177;0.239635053;-0.198002628;-0.179365445;0.243448637;0.486301689;0.031581424;0.495327563;-0.467552328;-0.479310377;0.293892447;-0.043797692;-0.04514785;-0.037765105;0.022345329;-0.043385492;0.482070756;-0.4818373;-0.284097742;-0.203223588;0.261940043;0.488981524;0.001261835;0.480674106;-0.417537518;-0.477086616;-0.031298992;-0.033123106;-0.033041141;0.475869207;-0.48008018;0.324565461;-0.021443926;-0.013766385;0.304461945;-0.035718266;-0.035718266;0.038264065;-0.173937629;0.238982915;0.485692364;0.039346661;0.492803802;-0.444285875;-0.479876778;-0.032992096;0.458995602;-0.487513769;-0.599201792;0.196742768;0.367790238;-0.404600582;0.562856012
